(* Content-type: application/vnd.wolfram.mathematica *)

(*** Wolfram Notebook File ***)
(* http://www.wolfram.com/nb *)

(* CreatedBy='Mathematica 9.0' *)

(*CacheID: 234*)
(* Internal cache information:
NotebookFileLineBreakTest
NotebookFileLineBreakTest
NotebookDataPosition[       157,          7]
NotebookDataLength[    943992,      16442]
NotebookOptionsPosition[    943467,      16420]
NotebookOutlinePosition[    943811,      16435]
CellTagsIndexPosition[    943768,      16432]
WindowFrame->Normal*)

(* Beginning of Notebook Content *)
Notebook[{
Cell[BoxData[
 RowBox[{
  RowBox[{"p", "=", 
   RowBox[{"{", 
    RowBox[{
     RowBox[{"GrayLevel", "[", "0.25", "]"}], ",", 
     RowBox[{"Specularity", "[", 
      RowBox[{
       RowBox[{"GrayLevel", "[", "1", "]"}], ",", "5"}], "]"}], ",", 
     RowBox[{"Arrowheads", "[", 
      RowBox[{"{", 
       RowBox[{
        RowBox[{"-", ".015"}], ",", ".015"}], "}"}], "]"}], ",", 
     RowBox[{"Arrow", "[", 
      RowBox[{"Tube", "[", 
       RowBox[{
        RowBox[{"{", 
         RowBox[{
          RowBox[{"{", 
           RowBox[{
            RowBox[{"-", "0.6"}], ",", "0", ",", "0"}], "}"}], ",", 
          RowBox[{"{", 
           RowBox[{"0.6", " ", ",", "0", ",", "0"}], "}"}]}], "}"}], ",", 
        "0.01"}], "]"}], "]"}]}], "}"}]}], ";"}]], "Input",
 CellChangeTimes->{{3.599717204364789*^9, 3.5997172340360413`*^9}, 
   3.59971763773355*^9, {3.6129505029171677`*^9, 3.6129505099605703`*^9}, 
   3.6129506319235463`*^9, {3.6129506733799176`*^9, 3.6129506747239943`*^9}, {
   3.6129507959599285`*^9, 3.6129508008492084`*^9}, {3.616153794735129*^9, 
   3.6161537958961954`*^9}, {3.6162264634948072`*^9, 3.6162265215113096`*^9}}],

Cell[CellGroupData[{

Cell[BoxData[
 RowBox[{"c", "=", 
  RowBox[{"Show", "[", 
   RowBox[{
    RowBox[{"Join", "[", 
     RowBox[{
      RowBox[{"{", 
       RowBox[{"Graphics3D", "[", 
        RowBox[{
         RowBox[{"{", 
          RowBox[{
           RowBox[{"RGBColor", "[", 
            RowBox[{"1", ",", "1", ",", "0.7"}], "]"}], ",", 
           RowBox[{"Sphere", "[", 
            RowBox[{"{", 
             RowBox[{"0", ",", "0", ",", "0"}], "}"}], "]"}]}], "}"}], ",", 
         RowBox[{"Lighting", "\[Rule]", "\"\<Neutral\>\""}]}], "]"}], "}"}], 
      ",", 
      RowBox[{
       RowBox[{"Table", "[", 
        RowBox[{
         RowBox[{"Graphics3D", "[", 
          RowBox[{
           RowBox[{"GeometricTransformation", "[", 
            RowBox[{"p", ",", 
             RowBox[{"{", 
              RowBox[{
               RowBox[{
                RowBox[{"(", GridBox[{
                   {"1", "0", "0"},
                   {"0", 
                    RowBox[{"Cos", "[", 
                    RowBox[{"2", "a"}], "]"}], 
                    RowBox[{"-", 
                    RowBox[{"Sin", "[", 
                    RowBox[{"2", "a"}], "]"}]}]},
                   {"0", 
                    RowBox[{"Sin", "[", 
                    RowBox[{"2", "a"}], "]"}], 
                    RowBox[{"Cos", "[", 
                    RowBox[{"2", "a"}], "]"}]}
                  }], ")"}], ".", 
                RowBox[{"(", GridBox[{
                   {
                    RowBox[{"Cos", "[", 
                    RowBox[{"2", "b"}], "]"}], 
                    RowBox[{"Sin", "[", 
                    RowBox[{"2", "b"}], "]"}], "0"},
                   {
                    RowBox[{"-", 
                    RowBox[{"Sin", "[", 
                    RowBox[{"2", "b"}], "]"}]}], 
                    RowBox[{"Cos", "[", 
                    RowBox[{"2", "b"}], "]"}], "0"},
                   {"0", "0", "1"}
                  }], ")"}]}], ",", 
               RowBox[{"{", 
                RowBox[{
                 RowBox[{
                  RowBox[{"Sin", "[", "b", "]"}], 
                  RowBox[{"Cos", "[", "a", "]"}]}], ",", 
                 RowBox[{
                  RowBox[{"Sin", "[", "b", "]"}], 
                  RowBox[{"Sin", "[", "a", "]"}]}], ",", 
                 RowBox[{"Cos", "[", "b", "]"}]}], "}"}]}], "}"}]}], "]"}], 
           ",", 
           RowBox[{"Boxed", "\[Rule]", "False"}]}], "]"}], ",", 
         RowBox[{"{", 
          RowBox[{"a", ",", "0", ",", 
           RowBox[{"2", "Pi"}], ",", 
           RowBox[{"Pi", "/", "16"}]}], "}"}], ",", 
         RowBox[{"{", 
          RowBox[{"b", ",", "0", ",", "Pi", ",", 
           RowBox[{"Pi", "/", "32"}]}], "}"}]}], "]"}], "//", "Flatten"}]}], 
     "]"}], ",", 
    RowBox[{"Boxed", "\[Rule]", "False"}]}], "]"}]}]], "Input",
 CellChangeTimes->{
  3.59971725033807*^9, {3.5997176426475587`*^9, 3.599717649807971*^9}, {
   3.599717687076437*^9, 3.5997177095716763`*^9}, {3.6161539558453436`*^9, 
   3.616153960410605*^9}, 3.6161540261213636`*^9}],

Cell[BoxData[
 Graphics3DBox[{
   {RGBColor[1, 1, 0.7], SphereBox[{0, 0, 0}]}, GeometricTransformation3DBox[
    {GrayLevel[0.25], Arrowheads[{-0.015, 0.015}], Specularity[
      GrayLevel[1], 5], 
     Arrow3DBox[TubeBox[{{-0.6, 0, 0}, {0.6, 0, 0}}, 0.01]]}, {{{1, 0, 0}, {0,
      1, 0}, {0, 0, 1}}, {0, 0, 1}}], GeometricTransformation3DBox[
    {GrayLevel[0.25], Arrowheads[{-0.015, 0.015}], Specularity[
      GrayLevel[1], 5], 
     Arrow3DBox[TubeBox[{{-0.6, 0, 0}, {0.6, 0, 0}}, 0.01]]}, 
    NCache[{{{
       Cos[Rational[1, 16] Pi], Sin[Rational[1, 16] Pi], 0}, {-
        Sin[Rational[1, 16] Pi], Cos[Rational[1, 16] Pi], 0}, {0, 0, 1}}, {
      Sin[Rational[1, 32] Pi], 0, Cos[Rational[1, 32] Pi]}}, {{{
       0.9807852804032304, 0.19509032201612825`, 0}, {-0.19509032201612825`, 
        0.9807852804032304, 0}, {0, 0, 1}}, {
      0.0980171403295606, 0, 0.9951847266721969}}]], 
   GeometricTransformation3DBox[
    {GrayLevel[0.25], Arrowheads[{-0.015, 0.015}], Specularity[
      GrayLevel[1], 5], 
     Arrow3DBox[TubeBox[{{-0.6, 0, 0}, {0.6, 0, 0}}, 0.01]]}, 
    NCache[{{{
       Cos[Rational[1, 8] Pi], Sin[Rational[1, 8] Pi], 0}, {-
        Sin[Rational[1, 8] Pi], Cos[Rational[1, 8] Pi], 0}, {0, 0, 1}}, {
      Sin[Rational[1, 16] Pi], 0, Cos[Rational[1, 16] Pi]}}, {{{
       0.9238795325112867, 0.3826834323650898, 0}, {-0.3826834323650898, 
        0.9238795325112867, 0}, {0, 0, 1}}, {
      0.19509032201612825`, 0, 0.9807852804032304}}]], 
   GeometricTransformation3DBox[
    {GrayLevel[0.25], Arrowheads[{-0.015, 0.015}], Specularity[
      GrayLevel[1], 5], 
     Arrow3DBox[TubeBox[{{-0.6, 0, 0}, {0.6, 0, 0}}, 0.01]]}, 
    NCache[{{{
       Cos[Rational[3, 16] Pi], Sin[Rational[3, 16] Pi], 0}, {-
        Sin[Rational[3, 16] Pi], Cos[Rational[3, 16] Pi], 0}, {0, 0, 1}}, {
      Sin[Rational[3, 32] Pi], 0, Cos[Rational[3, 32] Pi]}}, {{{
       0.8314696123025452, 0.5555702330196022, 0}, {-0.5555702330196022, 
        0.8314696123025452, 0}, {0, 0, 1}}, {
      0.29028467725446233`, 0, 0.9569403357322088}}]], 
   GeometricTransformation3DBox[
    {GrayLevel[0.25], Arrowheads[{-0.015, 0.015}], Specularity[
      GrayLevel[1], 5], 
     Arrow3DBox[TubeBox[{{-0.6, 0, 0}, {0.6, 0, 0}}, 0.01]]}, 
    NCache[{{{
       2^Rational[-1, 2], 2^Rational[-1, 2], 0}, {-2^Rational[-1, 2], 2^
        Rational[-1, 2], 0}, {0, 0, 1}}, {
      Sin[Rational[1, 8] Pi], 0, Cos[Rational[1, 8] Pi]}}, {{{
       0.7071067811865475, 0.7071067811865475, 0}, {-0.7071067811865475, 
        0.7071067811865475, 0}, {0, 0, 1}}, {
      0.3826834323650898, 0, 0.9238795325112867}}]], 
   GeometricTransformation3DBox[
    {GrayLevel[0.25], Arrowheads[{-0.015, 0.015}], Specularity[
      GrayLevel[1], 5], 
     Arrow3DBox[TubeBox[{{-0.6, 0, 0}, {0.6, 0, 0}}, 0.01]]}, 
    NCache[{{{
       Sin[Rational[3, 16] Pi], Cos[Rational[3, 16] Pi], 0}, {-
        Cos[Rational[3, 16] Pi], Sin[Rational[3, 16] Pi], 0}, {0, 0, 1}}, {
      Sin[Rational[5, 32] Pi], 0, Cos[Rational[5, 32] Pi]}}, {{{
       0.5555702330196022, 0.8314696123025452, 0}, {-0.8314696123025452, 
        0.5555702330196022, 0}, {0, 0, 1}}, {
      0.47139673682599764`, 0, 0.881921264348355}}]], 
   GeometricTransformation3DBox[
    {GrayLevel[0.25], Arrowheads[{-0.015, 0.015}], Specularity[
      GrayLevel[1], 5], 
     Arrow3DBox[TubeBox[{{-0.6, 0, 0}, {0.6, 0, 0}}, 0.01]]}, 
    NCache[{{{
       Sin[Rational[1, 8] Pi], Cos[Rational[1, 8] Pi], 0}, {-
        Cos[Rational[1, 8] Pi], Sin[Rational[1, 8] Pi], 0}, {0, 0, 1}}, {
      Sin[Rational[3, 16] Pi], 0, Cos[Rational[3, 16] Pi]}}, {{{
       0.3826834323650898, 0.9238795325112867, 0}, {-0.9238795325112867, 
        0.3826834323650898, 0}, {0, 0, 1}}, {
      0.5555702330196022, 0, 0.8314696123025452}}]], 
   GeometricTransformation3DBox[
    {GrayLevel[0.25], Arrowheads[{-0.015, 0.015}], Specularity[
      GrayLevel[1], 5], 
     Arrow3DBox[TubeBox[{{-0.6, 0, 0}, {0.6, 0, 0}}, 0.01]]}, 
    NCache[{{{
       Sin[Rational[1, 16] Pi], Cos[Rational[1, 16] Pi], 0}, {-
        Cos[Rational[1, 16] Pi], Sin[Rational[1, 16] Pi], 0}, {0, 0, 1}}, {
      Sin[Rational[7, 32] Pi], 0, Cos[Rational[7, 32] Pi]}}, {{{
       0.19509032201612825`, 0.9807852804032304, 0}, {-0.9807852804032304, 
        0.19509032201612825`, 0}, {0, 0, 1}}, {
      0.6343932841636455, 0, 0.773010453362737}}]], 
   GeometricTransformation3DBox[
    {GrayLevel[0.25], Arrowheads[{-0.015, 0.015}], Specularity[
      GrayLevel[1], 5], 
     Arrow3DBox[TubeBox[{{-0.6, 0, 0}, {0.6, 0, 0}}, 0.01]]}, 
    NCache[{{{0, 1, 0}, {-1, 0, 0}, {0, 0, 1}}, {
      2^Rational[-1, 2], 0, 2^Rational[-1, 2]}}, {{{0, 1, 0}, {-1, 0, 0}, {0, 
      0, 1}}, {0.7071067811865475, 0, 0.7071067811865475}}]], 
   GeometricTransformation3DBox[
    {GrayLevel[0.25], Arrowheads[{-0.015, 0.015}], Specularity[
      GrayLevel[1], 5], 
     Arrow3DBox[TubeBox[{{-0.6, 0, 0}, {0.6, 0, 0}}, 0.01]]}, 
    NCache[{{{-Sin[Rational[1, 16] Pi], Cos[Rational[1, 16] Pi], 0}, {-
        Cos[Rational[1, 16] Pi], -Sin[Rational[1, 16] Pi], 0}, {0, 0, 1}}, {
      Cos[Rational[7, 32] Pi], 0, Sin[
       Rational[7, 32] Pi]}}, {{{-0.19509032201612825`, 0.9807852804032304, 
        0}, {-0.9807852804032304, -0.19509032201612825`, 0}, {0, 0, 1}}, {
      0.773010453362737, 0, 0.6343932841636455}}]], 
   GeometricTransformation3DBox[
    {GrayLevel[0.25], Arrowheads[{-0.015, 0.015}], Specularity[
      GrayLevel[1], 5], 
     Arrow3DBox[TubeBox[{{-0.6, 0, 0}, {0.6, 0, 0}}, 0.01]]}, 
    NCache[{{{-Sin[Rational[1, 8] Pi], Cos[Rational[1, 8] Pi], 0}, {-
        Cos[Rational[1, 8] Pi], -Sin[Rational[1, 8] Pi], 0}, {0, 0, 1}}, {
      Cos[Rational[3, 16] Pi], 0, Sin[
       Rational[3, 16] Pi]}}, {{{-0.3826834323650898, 0.9238795325112867, 
        0}, {-0.9238795325112867, -0.3826834323650898, 0}, {0, 0, 1}}, {
      0.8314696123025452, 0, 0.5555702330196022}}]], 
   GeometricTransformation3DBox[
    {GrayLevel[0.25], Arrowheads[{-0.015, 0.015}], Specularity[
      GrayLevel[1], 5], 
     Arrow3DBox[TubeBox[{{-0.6, 0, 0}, {0.6, 0, 0}}, 0.01]]}, 
    NCache[{{{-Sin[Rational[3, 16] Pi], Cos[Rational[3, 16] Pi], 0}, {-
        Cos[Rational[3, 16] Pi], -Sin[Rational[3, 16] Pi], 0}, {0, 0, 1}}, {
      Cos[Rational[5, 32] Pi], 0, Sin[
       Rational[5, 32] Pi]}}, {{{-0.5555702330196022, 0.8314696123025452, 
        0}, {-0.8314696123025452, -0.5555702330196022, 0}, {0, 0, 1}}, {
      0.881921264348355, 0, 0.47139673682599764`}}]], 
   GeometricTransformation3DBox[
    {GrayLevel[0.25], Arrowheads[{-0.015, 0.015}], Specularity[
      GrayLevel[1], 5], 
     Arrow3DBox[TubeBox[{{-0.6, 0, 0}, {0.6, 0, 0}}, 0.01]]}, 
    NCache[{{{-2^Rational[-1, 2], 2^Rational[-1, 2], 
        0}, {-2^Rational[-1, 2], -2^Rational[-1, 2], 0}, {0, 0, 1}}, {
      Cos[Rational[1, 8] Pi], 0, Sin[
       Rational[1, 8] Pi]}}, {{{-0.7071067811865475, 0.7071067811865475, 
        0}, {-0.7071067811865475, -0.7071067811865475, 0}, {0, 0, 1}}, {
      0.9238795325112867, 0, 0.3826834323650898}}]], 
   GeometricTransformation3DBox[
    {GrayLevel[0.25], Arrowheads[{-0.015, 0.015}], Specularity[
      GrayLevel[1], 5], 
     Arrow3DBox[TubeBox[{{-0.6, 0, 0}, {0.6, 0, 0}}, 0.01]]}, 
    NCache[{{{-Cos[Rational[3, 16] Pi], Sin[Rational[3, 16] Pi], 0}, {-
        Sin[Rational[3, 16] Pi], -Cos[Rational[3, 16] Pi], 0}, {0, 0, 1}}, {
      Cos[Rational[3, 32] Pi], 0, Sin[
       Rational[3, 32] Pi]}}, {{{-0.8314696123025452, 0.5555702330196022, 
        0}, {-0.5555702330196022, -0.8314696123025452, 0}, {0, 0, 1}}, {
      0.9569403357322088, 0, 0.29028467725446233`}}]], 
   GeometricTransformation3DBox[
    {GrayLevel[0.25], Arrowheads[{-0.015, 0.015}], Specularity[
      GrayLevel[1], 5], 
     Arrow3DBox[TubeBox[{{-0.6, 0, 0}, {0.6, 0, 0}}, 0.01]]}, 
    NCache[{{{-Cos[Rational[1, 8] Pi], Sin[Rational[1, 8] Pi], 0}, {-
        Sin[Rational[1, 8] Pi], -Cos[Rational[1, 8] Pi], 0}, {0, 0, 1}}, {
      Cos[Rational[1, 16] Pi], 0, Sin[
       Rational[1, 16] Pi]}}, {{{-0.9238795325112867, 0.3826834323650898, 
        0}, {-0.3826834323650898, -0.9238795325112867, 0}, {0, 0, 1}}, {
      0.9807852804032304, 0, 0.19509032201612825`}}]], 
   GeometricTransformation3DBox[
    {GrayLevel[0.25], Arrowheads[{-0.015, 0.015}], Specularity[
      GrayLevel[1], 5], 
     Arrow3DBox[TubeBox[{{-0.6, 0, 0}, {0.6, 0, 0}}, 0.01]]}, 
    NCache[{{{-Cos[Rational[1, 16] Pi], Sin[Rational[1, 16] Pi], 0}, {-
        Sin[Rational[1, 16] Pi], -Cos[Rational[1, 16] Pi], 0}, {0, 0, 1}}, {
      Cos[Rational[1, 32] Pi], 0, Sin[
       Rational[1, 32] Pi]}}, {{{-0.9807852804032304, 0.19509032201612825`, 
        0}, {-0.19509032201612825`, -0.9807852804032304, 0}, {0, 0, 1}}, {
      0.9951847266721969, 0, 0.0980171403295606}}]], 
   GeometricTransformation3DBox[
    {GrayLevel[0.25], Arrowheads[{-0.015, 0.015}], Specularity[
      GrayLevel[1], 5], 
     Arrow3DBox[TubeBox[{{-0.6, 0, 0}, {0.6, 0, 0}}, 0.01]]}, {{{-1, 0, 0}, {
     0, -1, 0}, {0, 0, 1}}, {1, 0, 0}}], GeometricTransformation3DBox[
    {GrayLevel[0.25], Arrowheads[{-0.015, 0.015}], Specularity[
      GrayLevel[1], 5], 
     Arrow3DBox[TubeBox[{{-0.6, 0, 0}, {0.6, 0, 0}}, 0.01]]}, 
    NCache[{{{-Cos[Rational[1, 16] Pi], -Sin[Rational[1, 16] Pi], 0}, {
       Sin[Rational[1, 16] Pi], -Cos[Rational[1, 16] Pi], 0}, {0, 0, 1}}, {
      Cos[Rational[1, 32] Pi], 0, -
       Sin[Rational[1, 32] 
         Pi]}}, {{{-0.9807852804032304, -0.19509032201612825`, 0}, {
       0.19509032201612825`, -0.9807852804032304, 0}, {0, 0, 1}}, {
      0.9951847266721969, 0, -0.0980171403295606}}]], 
   GeometricTransformation3DBox[
    {GrayLevel[0.25], Arrowheads[{-0.015, 0.015}], Specularity[
      GrayLevel[1], 5], 
     Arrow3DBox[TubeBox[{{-0.6, 0, 0}, {0.6, 0, 0}}, 0.01]]}, 
    NCache[{{{-Cos[Rational[1, 8] Pi], -Sin[Rational[1, 8] Pi], 0}, {
       Sin[Rational[1, 8] Pi], -Cos[Rational[1, 8] Pi], 0}, {0, 0, 1}}, {
      Cos[Rational[1, 16] Pi], 0, -
       Sin[Rational[1, 16] Pi]}}, {{{-0.9238795325112867, -0.3826834323650898,
         0}, {0.3826834323650898, -0.9238795325112867, 0}, {0, 0, 1}}, {
      0.9807852804032304, 0, -0.19509032201612825`}}]], 
   GeometricTransformation3DBox[
    {GrayLevel[0.25], Arrowheads[{-0.015, 0.015}], Specularity[
      GrayLevel[1], 5], 
     Arrow3DBox[TubeBox[{{-0.6, 0, 0}, {0.6, 0, 0}}, 0.01]]}, 
    NCache[{{{-Cos[Rational[3, 16] Pi], -Sin[Rational[3, 16] Pi], 0}, {
       Sin[Rational[3, 16] Pi], -Cos[Rational[3, 16] Pi], 0}, {0, 0, 1}}, {
      Cos[Rational[3, 32] Pi], 0, -
       Sin[Rational[3, 32] Pi]}}, {{{-0.8314696123025452, -0.5555702330196022,
         0}, {0.5555702330196022, -0.8314696123025452, 0}, {0, 0, 1}}, {
      0.9569403357322088, 0, -0.29028467725446233`}}]], 
   GeometricTransformation3DBox[
    {GrayLevel[0.25], Arrowheads[{-0.015, 0.015}], Specularity[
      GrayLevel[1], 5], 
     Arrow3DBox[TubeBox[{{-0.6, 0, 0}, {0.6, 0, 0}}, 0.01]]}, 
    NCache[{{{-2^Rational[-1, 2], -2^Rational[-1, 2], 0}, {
       2^Rational[-1, 2], -2^Rational[-1, 2], 0}, {0, 0, 1}}, {
      Cos[Rational[1, 8] Pi], 0, -
       Sin[Rational[1, 8] Pi]}}, {{{-0.7071067811865475, -0.7071067811865475, 
        0}, {0.7071067811865475, -0.7071067811865475, 0}, {0, 0, 1}}, {
      0.9238795325112867, 0, -0.3826834323650898}}]], 
   GeometricTransformation3DBox[
    {GrayLevel[0.25], Arrowheads[{-0.015, 0.015}], Specularity[
      GrayLevel[1], 5], 
     Arrow3DBox[TubeBox[{{-0.6, 0, 0}, {0.6, 0, 0}}, 0.01]]}, 
    NCache[{{{-Sin[Rational[3, 16] Pi], -Cos[Rational[3, 16] Pi], 0}, {
       Cos[Rational[3, 16] Pi], -Sin[Rational[3, 16] Pi], 0}, {0, 0, 1}}, {
      Cos[Rational[5, 32] Pi], 0, -
       Sin[Rational[5, 32] Pi]}}, {{{-0.5555702330196022, -0.8314696123025452,
         0}, {0.8314696123025452, -0.5555702330196022, 0}, {0, 0, 1}}, {
      0.881921264348355, 0, -0.47139673682599764`}}]], 
   GeometricTransformation3DBox[
    {GrayLevel[0.25], Arrowheads[{-0.015, 0.015}], Specularity[
      GrayLevel[1], 5], 
     Arrow3DBox[TubeBox[{{-0.6, 0, 0}, {0.6, 0, 0}}, 0.01]]}, 
    NCache[{{{-Sin[Rational[1, 8] Pi], -Cos[Rational[1, 8] Pi], 0}, {
       Cos[Rational[1, 8] Pi], -Sin[Rational[1, 8] Pi], 0}, {0, 0, 1}}, {
      Cos[Rational[3, 16] Pi], 0, -
       Sin[Rational[3, 16] Pi]}}, {{{-0.3826834323650898, -0.9238795325112867,
         0}, {0.9238795325112867, -0.3826834323650898, 0}, {0, 0, 1}}, {
      0.8314696123025452, 0, -0.5555702330196022}}]], 
   GeometricTransformation3DBox[
    {GrayLevel[0.25], Arrowheads[{-0.015, 0.015}], Specularity[
      GrayLevel[1], 5], 
     Arrow3DBox[TubeBox[{{-0.6, 0, 0}, {0.6, 0, 0}}, 0.01]]}, 
    NCache[{{{-Sin[Rational[1, 16] Pi], -Cos[Rational[1, 16] Pi], 0}, {
       Cos[Rational[1, 16] Pi], -Sin[Rational[1, 16] Pi], 0}, {0, 0, 1}}, {
      Cos[Rational[7, 32] Pi], 0, -
       Sin[Rational[7, 32] 
         Pi]}}, {{{-0.19509032201612825`, -0.9807852804032304, 0}, {
       0.9807852804032304, -0.19509032201612825`, 0}, {0, 0, 1}}, {
      0.773010453362737, 0, -0.6343932841636455}}]], 
   GeometricTransformation3DBox[
    {GrayLevel[0.25], Arrowheads[{-0.015, 0.015}], Specularity[
      GrayLevel[1], 5], 
     Arrow3DBox[TubeBox[{{-0.6, 0, 0}, {0.6, 0, 0}}, 0.01]]}, 
    NCache[{{{0, -1, 0}, {1, 0, 0}, {0, 0, 1}}, {
      2^Rational[-1, 2], 0, -2^Rational[-1, 2]}}, {{{0, -1, 0}, {1, 0, 0}, {0,
       0, 1}}, {0.7071067811865475, 0, -0.7071067811865475}}]], 
   GeometricTransformation3DBox[
    {GrayLevel[0.25], Arrowheads[{-0.015, 0.015}], Specularity[
      GrayLevel[1], 5], 
     Arrow3DBox[TubeBox[{{-0.6, 0, 0}, {0.6, 0, 0}}, 0.01]]}, 
    NCache[{{{Sin[Rational[1, 16] Pi], -Cos[Rational[1, 16] Pi], 0}, {
       Cos[Rational[1, 16] Pi], Sin[Rational[1, 16] Pi], 0}, {0, 0, 1}}, {
      Sin[Rational[7, 32] Pi], 0, -Cos[Rational[7, 32] Pi]}}, {{{
       0.19509032201612825`, -0.9807852804032304, 0}, {
       0.9807852804032304, 0.19509032201612825`, 0}, {0, 0, 1}}, {
      0.6343932841636455, 0, -0.773010453362737}}]], 
   GeometricTransformation3DBox[
    {GrayLevel[0.25], Arrowheads[{-0.015, 0.015}], Specularity[
      GrayLevel[1], 5], 
     Arrow3DBox[TubeBox[{{-0.6, 0, 0}, {0.6, 0, 0}}, 0.01]]}, 
    NCache[{{{Sin[Rational[1, 8] Pi], -Cos[Rational[1, 8] Pi], 0}, {
       Cos[Rational[1, 8] Pi], Sin[Rational[1, 8] Pi], 0}, {0, 0, 1}}, {
      Sin[Rational[3, 16] Pi], 0, -Cos[Rational[3, 16] Pi]}}, {{{
       0.3826834323650898, -0.9238795325112867, 0}, {
       0.9238795325112867, 0.3826834323650898, 0}, {0, 0, 1}}, {
      0.5555702330196022, 0, -0.8314696123025452}}]], 
   GeometricTransformation3DBox[
    {GrayLevel[0.25], Arrowheads[{-0.015, 0.015}], Specularity[
      GrayLevel[1], 5], 
     Arrow3DBox[TubeBox[{{-0.6, 0, 0}, {0.6, 0, 0}}, 0.01]]}, 
    NCache[{{{Sin[Rational[3, 16] Pi], -Cos[Rational[3, 16] Pi], 0}, {
       Cos[Rational[3, 16] Pi], Sin[Rational[3, 16] Pi], 0}, {0, 0, 1}}, {
      Sin[Rational[5, 32] Pi], 0, -Cos[Rational[5, 32] Pi]}}, {{{
       0.5555702330196022, -0.8314696123025452, 0}, {
       0.8314696123025452, 0.5555702330196022, 0}, {0, 0, 1}}, {
      0.47139673682599764`, 0, -0.881921264348355}}]], 
   GeometricTransformation3DBox[
    {GrayLevel[0.25], Arrowheads[{-0.015, 0.015}], Specularity[
      GrayLevel[1], 5], 
     Arrow3DBox[TubeBox[{{-0.6, 0, 0}, {0.6, 0, 0}}, 0.01]]}, 
    NCache[{{{2^Rational[-1, 2], -2^Rational[-1, 2], 0}, {
       2^Rational[-1, 2], 2^Rational[-1, 2], 0}, {0, 0, 1}}, {
      Sin[Rational[1, 8] Pi], 0, -Cos[Rational[1, 8] Pi]}}, {{{
       0.7071067811865475, -0.7071067811865475, 0}, {
       0.7071067811865475, 0.7071067811865475, 0}, {0, 0, 1}}, {
      0.3826834323650898, 0, -0.9238795325112867}}]], 
   GeometricTransformation3DBox[
    {GrayLevel[0.25], Arrowheads[{-0.015, 0.015}], Specularity[
      GrayLevel[1], 5], 
     Arrow3DBox[TubeBox[{{-0.6, 0, 0}, {0.6, 0, 0}}, 0.01]]}, 
    NCache[{{{Cos[Rational[3, 16] Pi], -Sin[Rational[3, 16] Pi], 0}, {
       Sin[Rational[3, 16] Pi], Cos[Rational[3, 16] Pi], 0}, {0, 0, 1}}, {
      Sin[Rational[3, 32] Pi], 0, -Cos[Rational[3, 32] Pi]}}, {{{
       0.8314696123025452, -0.5555702330196022, 0}, {
       0.5555702330196022, 0.8314696123025452, 0}, {0, 0, 1}}, {
      0.29028467725446233`, 0, -0.9569403357322088}}]], 
   GeometricTransformation3DBox[
    {GrayLevel[0.25], Arrowheads[{-0.015, 0.015}], Specularity[
      GrayLevel[1], 5], 
     Arrow3DBox[TubeBox[{{-0.6, 0, 0}, {0.6, 0, 0}}, 0.01]]}, 
    NCache[{{{Cos[Rational[1, 8] Pi], -Sin[Rational[1, 8] Pi], 0}, {
       Sin[Rational[1, 8] Pi], Cos[Rational[1, 8] Pi], 0}, {0, 0, 1}}, {
      Sin[Rational[1, 16] Pi], 0, -Cos[Rational[1, 16] Pi]}}, {{{
       0.9238795325112867, -0.3826834323650898, 0}, {
       0.3826834323650898, 0.9238795325112867, 0}, {0, 0, 1}}, {
      0.19509032201612825`, 0, -0.9807852804032304}}]], 
   GeometricTransformation3DBox[
    {GrayLevel[0.25], Arrowheads[{-0.015, 0.015}], Specularity[
      GrayLevel[1], 5], 
     Arrow3DBox[TubeBox[{{-0.6, 0, 0}, {0.6, 0, 0}}, 0.01]]}, 
    NCache[{{{Cos[Rational[1, 16] Pi], -Sin[Rational[1, 16] Pi], 0}, {
       Sin[Rational[1, 16] Pi], Cos[Rational[1, 16] Pi], 0}, {0, 0, 1}}, {
      Sin[Rational[1, 32] Pi], 0, -Cos[Rational[1, 32] Pi]}}, {{{
       0.9807852804032304, -0.19509032201612825`, 0}, {
       0.19509032201612825`, 0.9807852804032304, 0}, {0, 0, 1}}, {
      0.0980171403295606, 0, -0.9951847266721969}}]], 
   GeometricTransformation3DBox[
    {GrayLevel[0.25], Arrowheads[{-0.015, 0.015}], Specularity[
      GrayLevel[1], 5], 
     Arrow3DBox[TubeBox[{{-0.6, 0, 0}, {0.6, 0, 0}}, 0.01]]}, {{{1, 0, 0}, {0,
      1, 0}, {0, 0, 1}}, {0, 0, -1}}], GeometricTransformation3DBox[
    {GrayLevel[0.25], Arrowheads[{-0.015, 0.015}], Specularity[
      GrayLevel[1], 5], 
     Arrow3DBox[TubeBox[{{-0.6, 0, 0}, {0.6, 0, 0}}, 0.01]]}, 
    NCache[{{{1, 0, 0}, {
       0, Cos[Rational[1, 8] Pi], -Sin[Rational[1, 8] Pi]}, {
       0, Sin[Rational[1, 8] Pi], Cos[Rational[1, 8] Pi]}}, {0, 0, 
      1}}, {{{1, 0, 0}, {0, 0.9238795325112867, -0.3826834323650898}, {
       0, 0.3826834323650898, 0.9238795325112867}}, {0, 0, 1}}]], 
   GeometricTransformation3DBox[
    {GrayLevel[0.25], Arrowheads[{-0.015, 0.015}], Specularity[
      GrayLevel[1], 5], 
     Arrow3DBox[TubeBox[{{-0.6, 0, 0}, {0.6, 0, 0}}, 0.01]]}, 
    NCache[{{{
       Cos[Rational[1, 16] Pi], Sin[Rational[1, 16] Pi], 0}, {-
        Cos[Rational[1, 8] Pi] Sin[Rational[1, 16] Pi], 
        Cos[Rational[1, 16] Pi] Cos[Rational[1, 8] Pi], -
        Sin[Rational[1, 8] Pi]}, {-Sin[Rational[1, 16] Pi] 
        Sin[Rational[1, 8] Pi], Cos[Rational[1, 16] Pi] 
        Sin[Rational[1, 8] Pi], Cos[Rational[1, 8] Pi]}}, {
      Cos[Rational[1, 16] Pi] Sin[Rational[1, 32] Pi], 
       Sin[Rational[1, 32] Pi] Sin[Rational[1, 16] Pi], Cos[
       Rational[1, 32] Pi]}}, {{{
       0.9807852804032304, 0.19509032201612825`, 0}, {-0.18023995550173696`, 
       0.9061274463528878, -0.3826834323650898}, {-0.0746578340503426, 
       0.37533027751786524`, 0.9238795325112867}}, {0.09613376846245088, 
      0.01912219546999401, 0.9951847266721969}}]], 
   GeometricTransformation3DBox[
    {GrayLevel[0.25], Arrowheads[{-0.015, 0.015}], Specularity[
      GrayLevel[1], 5], 
     Arrow3DBox[TubeBox[{{-0.6, 0, 0}, {0.6, 0, 0}}, 0.01]]}, 
    NCache[{{{
       Cos[Rational[1, 8] Pi], Sin[Rational[1, 8] Pi], 0}, {-
        Cos[Rational[1, 8] Pi] Sin[Rational[1, 8] Pi], 
        Cos[Rational[1, 8] Pi]^2, -Sin[Rational[1, 8] Pi]}, {-
        Sin[Rational[1, 8] Pi]^2, Cos[Rational[1, 8] Pi] 
        Sin[Rational[1, 8] Pi], Cos[Rational[1, 8] Pi]}}, {
      Cos[Rational[1, 16] Pi] Sin[Rational[1, 16] Pi], 
       Sin[Rational[1, 16] Pi]^2, Cos[Rational[1, 16] Pi]}}, {{{
       0.9238795325112867, 0.3826834323650898, 0}, {-0.3535533905932738, 
       0.8535533905932737, -0.3826834323650898}, {-0.14644660940672624`, 
       0.3535533905932738, 0.9238795325112867}}, {0.19134171618254486`, 
      0.03806023374435662, 0.9807852804032304}}]], 
   GeometricTransformation3DBox[
    {GrayLevel[0.25], Arrowheads[{-0.015, 0.015}], Specularity[
      GrayLevel[1], 5], 
     Arrow3DBox[TubeBox[{{-0.6, 0, 0}, {0.6, 0, 0}}, 0.01]]}, 
    NCache[{{{
       Cos[Rational[3, 16] Pi], Sin[Rational[3, 16] Pi], 0}, {-
        Cos[Rational[1, 8] Pi] Sin[Rational[3, 16] Pi], 
        Cos[Rational[1, 8] Pi] Cos[Rational[3, 16] Pi], -
        Sin[Rational[1, 8] Pi]}, {-Sin[Rational[1, 8] Pi] 
        Sin[Rational[3, 16] Pi], Cos[Rational[3, 16] Pi] 
        Sin[Rational[1, 8] Pi], Cos[Rational[1, 8] Pi]}}, {
      Cos[Rational[1, 16] Pi] Sin[Rational[3, 32] Pi], 
       Sin[Rational[1, 16] Pi] Sin[Rational[3, 32] Pi], Cos[
       Rational[3, 32] Pi]}}, {{{
       0.8314696123025452, 0.5555702330196022, 0}, {-0.5132799671593367, 
       0.7681777567114163, -0.3826834323650898}, {-0.2126075236918141, 
       0.31818964514320847`, 0.9238795325112867}}, {0.28470693857777907`, 
      0.05663173116192092, 0.9569403357322088}}]], 
   GeometricTransformation3DBox[
    {GrayLevel[0.25], Arrowheads[{-0.015, 0.015}], Specularity[
      GrayLevel[1], 5], 
     Arrow3DBox[TubeBox[{{-0.6, 0, 0}, {0.6, 0, 0}}, 0.01]]}, 
    NCache[{{{
       2^Rational[-1, 2], 2^Rational[-1, 2], 0}, {-2^Rational[-1, 2] 
        Cos[Rational[1, 8] Pi], 2^Rational[-1, 2] Cos[Rational[1, 8] Pi], -
        Sin[Rational[1, 8] Pi]}, {-2^Rational[-1, 2] Sin[Rational[1, 8] Pi], 
        2^Rational[-1, 2] Sin[Rational[1, 8] Pi], Cos[Rational[1, 8] Pi]}}, {
      Cos[Rational[1, 16] Pi] Sin[Rational[1, 8] Pi], Sin[Rational[1, 16] Pi] 
       Sin[Rational[1, 8] Pi], Cos[Rational[1, 8] Pi]}}, {{{
       0.7071067811865475, 0.7071067811865475, 0}, {-0.6532814824381882, 
       0.6532814824381882, -0.3826834323650898}, {-0.27059805007309845`, 
       0.27059805007309845`, 0.9238795325112867}}, {0.37533027751786524`, 
      0.0746578340503426, 0.9238795325112867}}]], GeometricTransformation3DBox[
    {GrayLevel[0.25], Arrowheads[{-0.015, 0.015}], Specularity[
      GrayLevel[1], 5], 
     Arrow3DBox[TubeBox[{{-0.6, 0, 0}, {0.6, 0, 0}}, 0.01]]}, 
    NCache[{{{
       Sin[Rational[3, 16] Pi], Cos[Rational[3, 16] Pi], 0}, {-
        Cos[Rational[1, 8] Pi] Cos[Rational[3, 16] Pi], 
        Cos[Rational[1, 8] Pi] Sin[Rational[3, 16] Pi], -
        Sin[Rational[1, 8] Pi]}, {-Cos[Rational[3, 16] Pi] 
        Sin[Rational[1, 8] Pi], Sin[Rational[1, 8] Pi] 
        Sin[Rational[3, 16] Pi], Cos[Rational[1, 8] Pi]}}, {
      Cos[Rational[1, 16] Pi] Sin[Rational[5, 32] Pi], 
       Sin[Rational[1, 16] Pi] Sin[Rational[5, 32] Pi], Cos[
       Rational[5, 32] Pi]}}, {{{
       0.5555702330196022, 0.8314696123025452, 0}, {-0.7681777567114163, 
       0.5132799671593367, -0.3826834323650898}, {-0.31818964514320847`, 
       0.2126075236918141, 0.9238795325112867}}, {0.46233898070905394`, 
      0.09196494118473594, 0.881921264348355}}]], GeometricTransformation3DBox[
    {GrayLevel[0.25], Arrowheads[{-0.015, 0.015}], Specularity[
      GrayLevel[1], 5], 
     Arrow3DBox[TubeBox[{{-0.6, 0, 0}, {0.6, 0, 0}}, 0.01]]}, 
    NCache[{{{
       Sin[Rational[1, 8] Pi], Cos[Rational[1, 8] Pi], 0}, {-
        Cos[Rational[1, 8] Pi]^2, Cos[Rational[1, 8] Pi] 
        Sin[Rational[1, 8] Pi], -Sin[Rational[1, 8] Pi]}, {-
        Cos[Rational[1, 8] Pi] Sin[Rational[1, 8] Pi], 
        Sin[Rational[1, 8] Pi]^2, Cos[Rational[1, 8] Pi]}}, {
      Cos[Rational[1, 16] Pi] Sin[Rational[3, 16] Pi], 
       Sin[Rational[1, 16] Pi] Sin[Rational[3, 16] Pi], Cos[
       Rational[3, 16] Pi]}}, {{{
       0.3826834323650898, 0.9238795325112867, 0}, {-0.8535533905932737, 
       0.3535533905932738, -0.3826834323650898}, {-0.3535533905932738, 
       0.14644660940672624`, 0.9238795325112867}}, {0.5448951067758185, 
      0.1083863756623696, 0.8314696123025452}}]], GeometricTransformation3DBox[
    {GrayLevel[0.25], Arrowheads[{-0.015, 0.015}], Specularity[
      GrayLevel[1], 5], 
     Arrow3DBox[TubeBox[{{-0.6, 0, 0}, {0.6, 0, 0}}, 0.01]]}, 
    NCache[{{{
       Sin[Rational[1, 16] Pi], Cos[Rational[1, 16] Pi], 0}, {-
        Cos[Rational[1, 16] Pi] Cos[Rational[1, 8] Pi], 
        Cos[Rational[1, 8] Pi] Sin[Rational[1, 16] Pi], -
        Sin[Rational[1, 8] Pi]}, {-Cos[Rational[1, 16] Pi] 
        Sin[Rational[1, 8] Pi], Sin[Rational[1, 16] Pi] 
        Sin[Rational[1, 8] Pi], Cos[Rational[1, 8] Pi]}}, {
      Cos[Rational[1, 16] Pi] Sin[Rational[7, 32] Pi], 
       Sin[Rational[1, 16] Pi] Sin[Rational[7, 32] Pi], Cos[
       Rational[7, 32] Pi]}}, {{{
       0.19509032201612825`, 0.9807852804032304, 0}, {-0.9061274463528878, 
       0.18023995550173696`, -0.3826834323650898}, {-0.37533027751786524`, 
       0.0746578340503426, 0.9238795325112867}}, {0.6222035950943673, 
      0.12376399009235475`, 0.773010453362737}}]], 
   GeometricTransformation3DBox[
    {GrayLevel[0.25], Arrowheads[{-0.015, 0.015}], Specularity[
      GrayLevel[1], 5], 
     Arrow3DBox[TubeBox[{{-0.6, 0, 0}, {0.6, 0, 0}}, 0.01]]}, 
    NCache[{{{0, 1, 
       0}, {-Cos[Rational[1, 8] Pi], 0, -Sin[Rational[1, 8] Pi]}, {-
        Sin[Rational[1, 8] Pi], 0, Cos[Rational[1, 8] Pi]}}, {
      2^Rational[-1, 2] Cos[Rational[1, 16] Pi], 2^Rational[-1, 2] 
       Sin[Rational[1, 16] Pi], 2^Rational[-1, 2]}}, {{{0, 1, 
       0}, {-0.9238795325112867, 
        0, -0.3826834323650898}, {-0.3826834323650898, 0, 
        0.9238795325112867}}, {0.6935199226610737, 0.13794968964147147`, 
      0.7071067811865475}}]], GeometricTransformation3DBox[
    {GrayLevel[0.25], Arrowheads[{-0.015, 0.015}], Specularity[
      GrayLevel[1], 5], 
     Arrow3DBox[TubeBox[{{-0.6, 0, 0}, {0.6, 0, 0}}, 0.01]]}, 
    NCache[{{{-Sin[Rational[1, 16] Pi], Cos[Rational[1, 16] Pi], 0}, {-
        Cos[Rational[1, 16] Pi] Cos[Rational[1, 8] Pi], -
        Cos[Rational[1, 8] Pi] Sin[Rational[1, 16] Pi], -
        Sin[Rational[1, 8] Pi]}, {-Cos[Rational[1, 16] Pi] 
        Sin[Rational[1, 8] Pi], -Sin[Rational[1, 16] Pi] 
        Sin[Rational[1, 8] Pi], Cos[Rational[1, 8] Pi]}}, {
      Cos[Rational[1, 16] Pi] Cos[Rational[7, 32] Pi], 
       Cos[Rational[7, 32] Pi] Sin[Rational[1, 16] Pi], Sin[
       Rational[7, 32] Pi]}}, {{{-0.19509032201612825`, 0.9807852804032304, 
        0}, {-0.9061274463528878, -0.18023995550173696`, \
-0.3826834323650898}, {-0.37533027751786524`, -0.0746578340503426, 
       0.9238795325112867}}, {0.7581572742560003, 0.15080685826836965`, 
      0.6343932841636455}}]], GeometricTransformation3DBox[
    {GrayLevel[0.25], Arrowheads[{-0.015, 0.015}], Specularity[
      GrayLevel[1], 5], 
     Arrow3DBox[TubeBox[{{-0.6, 0, 0}, {0.6, 0, 0}}, 0.01]]}, 
    NCache[{{{-Sin[Rational[1, 8] Pi], Cos[Rational[1, 8] Pi], 0}, {-
        Cos[Rational[1, 8] Pi]^2, -Cos[Rational[1, 8] Pi] 
        Sin[Rational[1, 8] Pi], -Sin[Rational[1, 8] Pi]}, {-
        Cos[Rational[1, 8] Pi] Sin[Rational[1, 8] Pi], -
        Sin[Rational[1, 8] Pi]^2, Cos[Rational[1, 8] Pi]}}, {
      Cos[Rational[1, 16] Pi] Cos[Rational[3, 16] Pi], 
       Cos[Rational[3, 16] Pi] Sin[Rational[1, 16] Pi], Sin[
       Rational[3, 16] Pi]}}, {{{-0.3826834323650898, 0.9238795325112867, 
        0}, {-0.8535533905932737, -0.3535533905932738, -0.3826834323650898}, \
{-0.3535533905932738, -0.14644660940672624`, 0.9238795325112867}}, {
      0.8154931568489171, 0.16221167441072887`, 0.5555702330196022}}]], 
   GeometricTransformation3DBox[
    {GrayLevel[0.25], Arrowheads[{-0.015, 0.015}], Specularity[
      GrayLevel[1], 5], 
     Arrow3DBox[TubeBox[{{-0.6, 0, 0}, {0.6, 0, 0}}, 0.01]]}, 
    NCache[{{{-Sin[Rational[3, 16] Pi], Cos[Rational[3, 16] Pi], 0}, {-
        Cos[Rational[1, 8] Pi] Cos[Rational[3, 16] Pi], -
        Cos[Rational[1, 8] Pi] Sin[Rational[3, 16] Pi], -
        Sin[Rational[1, 8] Pi]}, {-Cos[Rational[3, 16] Pi] 
        Sin[Rational[1, 8] Pi], -Sin[Rational[1, 8] Pi] 
        Sin[Rational[3, 16] Pi], Cos[Rational[1, 8] Pi]}}, {
      Cos[Rational[1, 16] Pi] Cos[Rational[5, 32] Pi], 
       Cos[Rational[5, 32] Pi] Sin[Rational[1, 16] Pi], Sin[
       Rational[5, 32] Pi]}}, {{{-0.5555702330196022, 0.8314696123025452, 
        0}, {-0.7681777567114163, -0.5132799671593367, -0.3826834323650898}, \
{-0.31818964514320847`, -0.2126075236918141, 0.9238795325112867}}, {
      0.864975394547473, 0.17205430345459155`, 0.47139673682599764`}}]], 
   GeometricTransformation3DBox[
    {GrayLevel[0.25], Arrowheads[{-0.015, 0.015}], Specularity[
      GrayLevel[1], 5], 
     Arrow3DBox[TubeBox[{{-0.6, 0, 0}, {0.6, 0, 0}}, 0.01]]}, 
    NCache[{{{-2^Rational[-1, 2], 2^Rational[-1, 2], 0}, {-2^Rational[-1, 2] 
        Cos[Rational[1, 8] Pi], -2^Rational[-1, 2] Cos[Rational[1, 8] Pi], -
        Sin[Rational[1, 8] Pi]}, {-2^Rational[-1, 2] 
        Sin[Rational[1, 8] Pi], -2^Rational[-1, 2] Sin[Rational[1, 8] Pi], 
        Cos[Rational[1, 8] Pi]}}, {
      Cos[Rational[1, 16] Pi] Cos[Rational[1, 8] Pi], Cos[Rational[1, 8] Pi] 
       Sin[Rational[1, 16] Pi], Sin[
       Rational[1, 8] Pi]}}, {{{-0.7071067811865475, 0.7071067811865475, 
        0}, {-0.6532814824381882, -0.6532814824381882, -0.3826834323650898}, \
{-0.27059805007309845`, -0.27059805007309845`, 0.9238795325112867}}, {
      0.9061274463528878, 0.18023995550173696`, 0.3826834323650898}}]], 
   GeometricTransformation3DBox[
    {GrayLevel[0.25], Arrowheads[{-0.015, 0.015}], Specularity[
      GrayLevel[1], 5], 
     Arrow3DBox[TubeBox[{{-0.6, 0, 0}, {0.6, 0, 0}}, 0.01]]}, 
    NCache[{{{-Cos[Rational[3, 16] Pi], Sin[Rational[3, 16] Pi], 0}, {-
        Cos[Rational[1, 8] Pi] Sin[Rational[3, 16] Pi], -
        Cos[Rational[1, 8] Pi] Cos[Rational[3, 16] Pi], -
        Sin[Rational[1, 8] Pi]}, {-Sin[Rational[1, 8] Pi] 
        Sin[Rational[3, 16] Pi], -Cos[Rational[3, 16] Pi] 
        Sin[Rational[1, 8] Pi], Cos[Rational[1, 8] Pi]}}, {
      Cos[Rational[1, 16] Pi] Cos[Rational[3, 32] Pi], 
       Cos[Rational[3, 32] Pi] Sin[Rational[1, 16] Pi], Sin[
       Rational[3, 32] Pi]}}, {{{-0.8314696123025452, 0.5555702330196022, 
        0}, {-0.5132799671593367, -0.7681777567114163, -0.3826834323650898}, \
{-0.2126075236918141, -0.31818964514320847`, 0.9238795325112867}}, {
      0.9385529955102759, 0.1866897982482185, 0.29028467725446233`}}]], 
   GeometricTransformation3DBox[
    {GrayLevel[0.25], Arrowheads[{-0.015, 0.015}], Specularity[
      GrayLevel[1], 5], 
     Arrow3DBox[TubeBox[{{-0.6, 0, 0}, {0.6, 0, 0}}, 0.01]]}, 
    NCache[{{{-Cos[Rational[1, 8] Pi], Sin[Rational[1, 8] Pi], 0}, {-
        Cos[Rational[1, 8] Pi] Sin[Rational[1, 8] Pi], -
        Cos[Rational[1, 8] Pi]^2, -Sin[Rational[1, 8] Pi]}, {-
        Sin[Rational[1, 8] Pi]^2, -Cos[Rational[1, 8] Pi] 
        Sin[Rational[1, 8] Pi], Cos[Rational[1, 8] Pi]}}, {
      Cos[Rational[1, 16] Pi]^2, Cos[Rational[1, 16] Pi] 
       Sin[Rational[1, 16] Pi], Sin[
       Rational[1, 16] Pi]}}, {{{-0.9238795325112867, 0.3826834323650898, 
        0}, {-0.3535533905932738, -0.8535533905932737, -0.3826834323650898}, \
{-0.14644660940672624`, -0.3535533905932738, 0.9238795325112867}}, {
      0.9619397662556434, 0.19134171618254486`, 0.19509032201612825`}}]], 
   GeometricTransformation3DBox[
    {GrayLevel[0.25], Arrowheads[{-0.015, 0.015}], Specularity[
      GrayLevel[1], 5], 
     Arrow3DBox[TubeBox[{{-0.6, 0, 0}, {0.6, 0, 0}}, 0.01]]}, 
    NCache[{{{-Cos[Rational[1, 16] Pi], Sin[Rational[1, 16] Pi], 0}, {-
        Cos[Rational[1, 8] Pi] Sin[Rational[1, 16] Pi], -
        Cos[Rational[1, 16] Pi] Cos[Rational[1, 8] Pi], -
        Sin[Rational[1, 8] Pi]}, {-Sin[Rational[1, 16] Pi] 
        Sin[Rational[1, 8] Pi], -Cos[Rational[1, 16] Pi] 
        Sin[Rational[1, 8] Pi], Cos[Rational[1, 8] Pi]}}, {
      Cos[Rational[1, 32] Pi] Cos[Rational[1, 16] Pi], 
       Cos[Rational[1, 32] Pi] Sin[Rational[1, 16] Pi], Sin[
       Rational[1, 32] Pi]}}, {{{-0.9807852804032304, 0.19509032201612825`, 
        0}, {-0.18023995550173696`, -0.9061274463528878, \
-0.3826834323650898}, {-0.0746578340503426, -0.37533027751786524`, 
       0.9238795325112867}}, {0.9760625312022029, 0.19415090879201147`, 
      0.0980171403295606}}]], GeometricTransformation3DBox[
    {GrayLevel[0.25], Arrowheads[{-0.015, 0.015}], Specularity[
      GrayLevel[1], 5], 
     Arrow3DBox[TubeBox[{{-0.6, 0, 0}, {0.6, 0, 0}}, 0.01]]}, 
    NCache[{{{-1, 0, 0}, {
       0, -Cos[Rational[1, 8] Pi], -Sin[Rational[1, 8] Pi]}, {
       0, -Sin[Rational[1, 8] Pi], Cos[Rational[1, 8] Pi]}}, {
      Cos[Rational[1, 16] Pi], Sin[Rational[1, 16] Pi], 0}}, {{{-1, 0, 0}, {
       0, -0.9238795325112867, -0.3826834323650898}, {
       0, -0.3826834323650898, 0.9238795325112867}}, {
      0.9807852804032304, 0.19509032201612825`, 0}}]], 
   GeometricTransformation3DBox[
    {GrayLevel[0.25], Arrowheads[{-0.015, 0.015}], Specularity[
      GrayLevel[1], 5], 
     Arrow3DBox[TubeBox[{{-0.6, 0, 0}, {0.6, 0, 0}}, 0.01]]}, 
    NCache[{{{-Cos[Rational[1, 16] Pi], -Sin[Rational[1, 16] Pi], 0}, {
       Cos[Rational[1, 8] Pi] Sin[Rational[1, 16] Pi], -
        Cos[Rational[1, 16] Pi] Cos[Rational[1, 8] Pi], -
        Sin[Rational[1, 8] Pi]}, {
       Sin[Rational[1, 16] Pi] Sin[Rational[1, 8] Pi], -
        Cos[Rational[1, 16] Pi] Sin[Rational[1, 8] Pi], Cos[
        Rational[1, 8] Pi]}}, {
      Cos[Rational[1, 32] Pi] Cos[Rational[1, 16] Pi], 
       Cos[Rational[1, 32] Pi] Sin[Rational[1, 16] Pi], -
       Sin[Rational[1, 32] 
         Pi]}}, {{{-0.9807852804032304, -0.19509032201612825`, 0}, {
       0.18023995550173696`, -0.9061274463528878, -0.3826834323650898}, {
       0.0746578340503426, -0.37533027751786524`, 0.9238795325112867}}, {
      0.9760625312022029, 0.19415090879201147`, -0.0980171403295606}}]], 
   GeometricTransformation3DBox[
    {GrayLevel[0.25], Arrowheads[{-0.015, 0.015}], Specularity[
      GrayLevel[1], 5], 
     Arrow3DBox[TubeBox[{{-0.6, 0, 0}, {0.6, 0, 0}}, 0.01]]}, 
    NCache[{{{-Cos[Rational[1, 8] Pi], -Sin[Rational[1, 8] Pi], 0}, {
       Cos[Rational[1, 8] Pi] Sin[Rational[1, 8] Pi], -
        Cos[Rational[1, 8] Pi]^2, -Sin[Rational[1, 8] Pi]}, {
       Sin[Rational[1, 8] Pi]^2, -Cos[Rational[1, 8] Pi] 
        Sin[Rational[1, 8] Pi], Cos[Rational[1, 8] Pi]}}, {
      Cos[Rational[1, 16] Pi]^2, Cos[Rational[1, 16] Pi] 
       Sin[Rational[1, 16] Pi], -
       Sin[Rational[1, 16] Pi]}}, {{{-0.9238795325112867, -0.3826834323650898,
         0}, {0.3535533905932738, -0.8535533905932737, -0.3826834323650898}, {
       0.14644660940672624`, -0.3535533905932738, 0.9238795325112867}}, {
      0.9619397662556434, 0.19134171618254486`, -0.19509032201612825`}}]], 
   GeometricTransformation3DBox[
    {GrayLevel[0.25], Arrowheads[{-0.015, 0.015}], Specularity[
      GrayLevel[1], 5], 
     Arrow3DBox[TubeBox[{{-0.6, 0, 0}, {0.6, 0, 0}}, 0.01]]}, 
    NCache[{{{-Cos[Rational[3, 16] Pi], -Sin[Rational[3, 16] Pi], 0}, {
       Cos[Rational[1, 8] Pi] Sin[Rational[3, 16] Pi], -
        Cos[Rational[1, 8] Pi] Cos[Rational[3, 16] Pi], -
        Sin[Rational[1, 8] Pi]}, {
       Sin[Rational[1, 8] Pi] Sin[Rational[3, 16] Pi], -
        Cos[Rational[3, 16] Pi] Sin[Rational[1, 8] Pi], Cos[
        Rational[1, 8] Pi]}}, {
      Cos[Rational[1, 16] Pi] Cos[Rational[3, 32] Pi], 
       Cos[Rational[3, 32] Pi] Sin[Rational[1, 16] Pi], -
       Sin[Rational[3, 32] Pi]}}, {{{-0.8314696123025452, -0.5555702330196022,
         0}, {0.5132799671593367, -0.7681777567114163, -0.3826834323650898}, {
